# data file for observations of HD 172140
V = 9.940 +/- 0.010
B = 9.900 +/- 0.010
U = 9.020 +/- 0.010
J = 10.130 +/- 0.020
H = 10.190 +/- 0.020
K = 10.230 +/- 0.020
IUE = IUE_Data/hd172140_iue.fits
FUSE = FUSE_Data/hd172140_fuse.fits
sptype = B0.5III
uvsptype = B0.5III
dered_RV = 2.34
dered_RV_unc = 0.47
dered_AV = 0.56
dered_AV_unc = 0.11
dered_FM =   -0.369649     0.606130      2.58345     0.373956    4.58559     0.891432
dered_FM_unc_fac =   0.50 0.25  0.2  0.15  0.02  0.10
