# data file for observations of HD 210809
V = 7.540 +/- 0.010
B = 7.590 +/- 0.010
U = 6.700 +/- 0.010
J = 7.370 +/- 0.020
H = 7.400 +/- 0.040
K = 7.410 +/- 0.020
IUE = IUE_Data/hd210809_iue.fits
FUSE = FUSE_Data/hd210809_fuse.fits
sptype = O9Ib
uvsptype = O9.5Ia
dered_RV = 3.1
dered_RV_unc = 0.31
dered_AV = 0.98
dered_AV_unc = 0.05
dered_FM = -1.22963     0.976590      2.58312     0.448465   4.59635      1.00132
dered_FM_unc_fac = 0.25 0.05  0.1  0.05  0.02  0.10
