# data file for observations of HD 235874
V = 9.640 +/- 0.010
B = 9.640 +/- 0.010
U = 8.940 +/- 0.010
J = 9.640 +/- 0.030
H = 9.630 +/- 0.030
K = 9.660 +/- 0.020
IUE = IUE_Data/hd235874_iue.fits
FUSE = FUSE_Data/hd235874_fuse.fits
sptype = B3III
uvsptype = B2III
dered_RV = 2.93
dered_RV_unc = 0.29
dered_AV = 0.58
dered_AV_unc = 0.058
dered_FM =  -2.62679      1.10697      3.26229     0.255629   4.67816     0.968086
dered_FM_unc_fac =  0.25 0.10  0.2  0.25  0.02  0.10
