# data file for observations of j004431.66+413612.4
V = 16.790 +/- 0.02
(B-V) = 0.253 +/- 0.02
WFC3_F275W = 17.190000 +/- 0.02
WFC3_F336W = 16.817000 +/- 0.02
ACS_F475W = 17.618000 +/- 0.02
ACS_F814W = 16.955000 +/- 0.02
WFC3_F110W = 16.908000 +/- 0.02
WFC3_F160W = 16.778000 +/- 0.02
STIS = STIS_Data/j004431.66+413612.4_stis_UV.fits
