# data file for observations of j004354.05+412626
# V = 19.036 +/- 0.02
# (B-V) = 0.109 +/- 0.02
WFC3_F275W = 17.986000 +/- 0.02
WFC3_F336W = 17.990000 +/- 0.02
ACS_F475W = 19.139000 +/- 0.02
ACS_F814W = 18.852000 +/- 0.02
WFC3_F110W = 18.966000 +/- 0.02
WFC3_F160W = 18.913000 +/- 0.02
STIS = STIS_Data/j004354.05+412626.0_stis_UV.fits
