# data file for observations of j004420.52+411751.1
# V = 18.629 +/- 0.02
# (B-V) = 0.149 +/- 0.02
WFC3_F275W = 17.591000 +/- 0.02
WFC3_F336W = 17.588000 +/- 0.02
ACS_F475W = 18.794000 +/- 0.02
ACS_F814W = 18.314000 +/- 0.02
WFC3_F110W = 18.256000 +/- 0.02
WFC3_F160W = 18.132000 +/- 0.02
STIS = STIS_Data/j004420.52+411751.1_stis_UV.fits
