# data file for observations of j004539.70+415054.8
V = 19.360 +/- 0.02
(B-V) = 0.348 +/- 0.02
WFC3_F275W = 19.199000 +/- 0.02
WFC3_F336W = 18.869000 +/- 0.02
ACS_F475W = 19.637000 +/- 0.02
ACS_F814W = 18.884000 +/- 0.02
WFC3_F110W = 18.791000 +/- 0.02
WFC3_F160W = 18.621000 +/- 0.02
STIS = STIS_Data/j004539.70+415054.8_stis_UV.fits
