# data file for observations of j004438.71+415553.5
V = 17.253 +/- 0.02
(B-V) = 0.241 +/- 0.02
WFC3_F275W = 16.393000 +/- 0.02
WFC3_F336W = 16.397000 +/- 0.02
ACS_F475W = 17.813000 +/- 0.02
ACS_F814W = 17.025000 +/- 0.02
WFC3_F110W = 15.576000 +/- 0.02
WFC3_F160W = 14.801000 +/- 0.02
STIS = STIS_Data/j004438.71+415553.5_stis_UV.fits
