# data file for observations of j004511.85+413712.9
V = 18.405 +/- 0.02
(B-V) = 0.104 +/- 0.02
WFC3_F275W = 18.487000 +/- 0.02
WFC3_F336W = 18.634000 +/- 0.02
ACS_F475W = 19.925000 +/- 0.02
ACS_F814W = 19.510000 +/- 0.02
WFC3_F110W = 19.609000 +/- 0.02
WFC3_F160W = 19.400000 +/- 0.02
STIS = STIS_Data/j004511.85+413712.9_stis_UV.fits
