# data file for observations of j004413.84+414903.9
# V = 18.847 +/- 0.02
# (B-V) = 0.076 +/- 0.02
WFC3_F275W = 17.591000 +/- 0.02
WFC3_F336W = 17.769000 +/- 0.02
ACS_F475W = 19.046000 +/- 0.02
ACS_F814W = 18.770000 +/- 0.02
WFC3_F110W = 18.883000 +/- 0.02
WFC3_F160W = 18.814000 +/- 0.02
STIS = STIS_Data/j004413.84+414903.9_stis_UV.fits
