# data file for observations of j004535.40+414431.5
V = 19.458 +/- 0.02
(B-V) = 0.175 +/- 0.02
WFC3_F275W = 19.116000 +/- 0.02
WFC3_F336W = 18.867000 +/- 0.02
ACS_F475W = 19.637000 +/- 0.02
ACS_F814W = 19.116000 +/- 0.02
WFC3_F110W = 19.055000 +/- 0.02
WFC3_F160W = 18.922000 +/- 0.02
# STIS = STIS_Data/j004535.40+414431.5_stis_UV.fits
