# data file for observations of j004543.46+414513.6
# V = 19.078 +/- 0.02
# (B-V) = 0.392 +/- 0.02
WFC3_F275W = 19.184000 +/- 0.02
WFC3_F336W = 18.731000 +/- 0.02
ACS_F475W = 19.389000 +/- 0.02
ACS_F814W = 18.523000 +/- 0.02
WFC3_F110W = 18.384000 +/- 0.02
WFC3_F160W = 18.181000 +/- 0.02
STIS = STIS_Data/j004543.46+414513.6_stis_UV.fits
