# data file for observations of j004454.37+412823.9
V = 18.486 +/- 0.02
(B-V) = 0.338 +/- 0.02
WFC3_F275W = 18.138000 +/- 0.02
WFC3_F336W = 17.964000 +/- 0.02
ACS_F475W = 18.894000 +/- 0.02
ACS_F814W = 17.989000 +/- 0.02
WFC3_F110W = 17.799000 +/- 0.02
WFC3_F160W = 17.587000 +/- 0.02
# STIS = STIS_Data/j004454.37+412823.9_stis_UV.fits
