# data file for observations of j004539.00+415439.0
V = 19.495 +/- 0.02
(B-V) = 0.320 +/- 0.02
WFC3_F275W = 19.160000 +/- 0.02
WFC3_F336W = 18.942000 +/- 0.02
ACS_F475W = 19.939000 +/- 0.02
ACS_F814W = 19.187000 +/- 0.02
WFC3_F110W = 19.168000 +/- 0.02
WFC3_F160W = 18.917000 +/- 0.02
STIS = STIS_Data/j004539.00+415439.0_stis_UV.fits
