# data file for observations of j004512.73+413726.4
V = 19.275 +/- 0.02
(B-V) = 0.276 +/- 0.02
WFC3_F275W = 19.039000 +/- 0.02
WFC3_F336W = 18.822000 +/- 0.02
ACS_F475W = 19.789000 +/- 0.02
ACS_F814W = 19.016000 +/- 0.02
WFC3_F110W = 18.927000 +/- 0.02
WFC3_F160W = 18.781000 +/- 0.02
# STIS = STIS_Data/j004512.73+413726.4_stis_UV.fits
