# data file for observations of j004511.82+415025.3
V = 18.234 +/- 0.02
(B-V) = 0.347 +/- 0.02
WFC3_F275W = 18.154000 +/- 0.02
WFC3_F336W = 17.764000 +/- 0.02
ACS_F475W = 18.554000 +/- 0.02
ACS_F814W = 17.857000 +/- 0.02
WFC3_F110W = 17.802000 +/- 0.02
WFC3_F160W = 17.641000 +/- 0.02
STIS = STIS_Data/j004511.82+415025.3_stis_UV.fits
