# data file for observations of j004427.47+415150.0
# V = 19.149 +/- 0.02
# (B-V) = 0.241 +/- 0.02
WFC3_F275W = 18.568000 +/- 0.02
WFC3_F336W = 18.427000 +/- 0.02
ACS_F475W = 19.330000 +/- 0.02
ACS_F814W = 18.681000 +/- 0.02
WFC3_F110W = 18.594000 +/- 0.02
WFC3_F160W = 18.449000 +/- 0.02
STIS = STIS_Data/j004427.47+415150.0_stis_UV.fits
