# data file for observations of j004546.81+415431.7
V = 18.795 +/- 0.02
(B-V) = 0.208 +/- 0.02
WFC3_F275W = 17.974000 +/- 0.02
WFC3_F336W = 17.865000 +/- 0.02
ACS_F475W = 18.947000 +/- 0.02
ACS_F814W = 18.436000 +/- 0.02
WFC3_F110W = 18.386000 +/- 0.02
WFC3_F160W = 18.262000 +/- 0.02
# STIS = STIS_Data/j004546.81+415431.7_stis_UV.fits
